,msc,ldn,pit
0,-0.010452684482120072,-0.005496383551302094,0.028164922066268788
1,-0.005460107172840613,-0.008651183728808383,0.01172878564564572
2,-0.020103872151361706,-0.007587890199640896,0.016006682598949887
3,-0.334410412275899,-0.3015151103887633,-0.1416911107481617
4,-0.155996771010301,-0.08898538257791787,-0.024521300186756856
5,-0.10890852828912698,-0.05796272889890653,-0.03966729699821851
6,-0.13037126596910822,-0.16083257198654916,-0.18827919758848433
7,-0.13743817514886147,-0.0964375735484812,-0.07928002359295776
8,-1.102072437914889,-0.07551329439213732,-0.06767259697508284
9,-0.31392643666270287,0.30951250174320266,-0.1216764125932094
10,-0.20118018550439032,-0.3070746346570166,-0.05489586589469842
11,-0.8932228625309755,-0.26057331399475386,-0.08495726134929048
12,-0.20093354069825733,-0.23289237678750674,-0.5573044160239338
13,-0.23074535795686896,0.3153829441457082,-0.35864812438683524
14,-0.30271249160418545,0.24837985825075612,-0.058926337272497395
15,-0.13403418773869782,0.24837985825075612,-0.04889421509144208
16,0.12721201257127937,0.06651972853817395,0.10694733130224826
17,-0.04127928153170098,-0.035704023235600034,-0.00279389202049994
18,-0.21222709844823287,-0.15832974642222275,-0.04325176441434227
19,-0.2229610527119003,-0.1468844876049355,3.0235995778927824
20,-0.11665300266551909,-0.04783833865660426,-0.046267539313056605
21,-0.20671431660869463,-0.09430828405586555,-0.06279420877777407
22,-0.10852053311669899,-0.16474647052234334,-0.03900810356073119
23,0.04560890366328074,0.04498050318848422,0.10280261253353905
24,0.0008503009183574131,0.01967443017747811,0.12561434522450168
25,-0.23589508106764415,-0.17067956321433478,0.0787969239006706
26,0.5418565486857968,0.89299009597407,0.1317180464138505
27,-0.08769921492501723,-0.07232289381774983,-0.02247100964997369
28,-0.11554442901039988,-0.13697786550601615,-0.03608022819317542
29,0.1845826071989129,0.19999999999999998,0.044730683758666484
30,0.08509595416358763,0.07744136877826054,0.017499175469200004
31,0.014271188852128148,0.009938435846202723,-0.017694208714579697
32,0.007695408651530036,0.013092833820285785,-0.03919382226572969
33,0.021334767666327588,0.01564287384240315,-0.01303105936935942
34,0.009268924456185526,0.007489878035239153,-0.01626433288038768
35,0.01009195464860948,0.013916991728939882,-0.057863930842780055
36,0.0020463570288568466,-0.04446360704155669,-0.012012511552064613
37,-0.12886396163626754,-0.10317166572474627,-0.05986409260477049
38,0.013632852911862642,0.010278538434716782,0.04897765576423562
39,-0.04589899660178969,-0.06642532023194754,-0.01175038121448229
40,0.19084405247909256,0.1854592905838958,0.1673918503713795
41,0.09459654256818154,0.0709739666668691,0.144014357109339
42,0.011021194178557625,0.015936409455729206,0.04301308873183366
43,0.01196118886518533,0.010278538434716782,0.024504760175979485
44,-0.016365755758411874,-0.17540180545281778,0.0184595696568694
45,-0.06993640057440251,-0.08699369119828686,-0.05634216436952912
46,-0.08087490696279669,0.239992956585679,-0.08277352665806646
47,-0.20294025454070386,-0.3894812642330709,-0.09098369798351014
48,-0.15134889610768493,-0.222460889236449,-0.1375458054383445
49,-0.13461782109857096,-0.17564225011875234,-0.03239750999265128
50,-0.16310123138289098,-0.2185890678855094,-0.056189213115271815
51,-0.11353047007105688,-0.13123669571042013,-0.15750137905041484
52,-0.16752982019407603,-0.17289040998503358,-0.10225886348392293
53,-0.09365659540974672,-0.14152614872755845,-0.05722251117528355
54,-0.13649775784555485,-0.6234918707876345,-0.0925879268900668
55,-0.23112903287554812,-0.09950093311241563,-0.8253293202914218
56,-0.07401471335016967,-0.3193828641746244,-0.21501866003748568
57,0.07633365841594483,0.058361941054611954,-0.0006089178774624785
58,0.01567112162613335,0.01586284931559327,-0.008467451359610547
59,-0.0027378189097028364,-0.014974508993491906,-0.00927722587360405
60,-0.010920084239330006,-0.014150700661126215,-0.014956792687775212
61,-0.012496697771929272,-0.030935515652285524,-0.016860877102405854
62,-0.005980066644586277,-0.006775418834978665,-0.010355499595921589
63,-0.007092992723650415,-0.01258945038128258,-0.00878507243979367
64,0.1480329864720271,0.2,0.08884902409139171
65,0.14724747872936989,0.2,0.005748595450869405
66,0.055861722127419,0.07626861054850471,-0.006368596314175644
67,0.044896457062965536,0.02443931440483628,-0.04440995522471891
68,0.014226480607542164,0.013864688385320754,-0.01906103855660406
69,0.021032388132399955,-0.004781858345795723,-0.02936655981935654
70,0.021153716861898104,-0.0039345904167408605,-0.03504080304537451
71,0.1279249216181526,-0.3665162927496663,0.1685633433999011
72,0.08671255528329454,0.10117813889881094,0.06268800741169644
73,0.07435706113180326,0.025887050455397697,0.03715127782253155
74,0.05928616731781126,0.014030431074714711,0.029360858597101806
75,0.09932229799147684,0.0706829803126323,0.10428714592941037
76,0.006867956120212624,-0.04524278153072107,0.04094402998146315
77,-0.018787541652642594,-0.020805324456846054,0.025916442409619538
78,-0.019844563045716385,-0.031940693470095566,0.027582221910387283
79,-0.03448365096307716,-0.050322263061617405,-0.026527975146761387
80,-0.019090493563951545,-0.03073720570481047,-0.014343003508814015
81,-0.034025995804605795,-0.06593355811260826,-0.02501690596513699
82,-0.03843356088480109,-0.049102533562828295,-0.04338570945840951
83,-0.03699967847149987,-0.06169589949837993,-0.025526770121915555
84,-0.019042680515082004,-0.02890135401891158,-0.025836022244101465
85,-0.057737729633829,-0.05332486263129176,-0.013111536564608693
86,0.07583841825242096,0.06507966205957937,0.1195821905220575
87,0.05270205220031737,0.044369749923270994,0.06952063397896797
88,0.12433685933722644,0.06747457466864878,0.11071046141081574
89,0.05969320824410115,-0.25459313516257664,0.09881529067088081
90,0.11251766380770792,0.1258234954848129,0.06380150162449688
91,0.05079068847536231,0.04435048395681571,0.18270185024990757
92,0.046946545905791844,-0.1735001135409438,0.04479665695182862
93,0.10090009821419015,0.07466195775091473,0.16918590630560412
94,0.1352457997800864,0.06902405809644528,0.11603907245035512
95,0.006888368133837176,-0.0057938659946395535,0.0272765139637244
96,-0.09392466129544612,-0.10921672556284445,0.06959543204095786
97,-0.03647798462610416,-0.03984255080912052,-0.10274766256358389
98,-0.0442138327327875,-0.05540071857680889,0.02843595460972671
99,0.051890919182479754,0.05693234419266479,0.09114163798138776
100,-0.019747175220757657,-0.053971467119202844,0.007393165227675137
101,0.06351964230110835,0.032008058930533816,0.12276858755703304
102,-0.01297028779518028,-0.02922560713564635,-0.0028008415953721176
103,-0.11018895486628458,-0.08724753615355639,-0.0441968263908711
104,-0.07650579364089714,-0.07822296057993813,-0.16574909967848073
105,-0.029531143179834112,-0.044137716657615754,-0.02804660153348308
106,-0.04723828075732397,-0.01934735226225352,-0.021020748614124785
107,-0.1625268602574566,-0.09219132774001804,-0.04647427383058286
108,0.09283292506861986,0.07958800173440922,0.13998341639817077
109,0.08815970710520349,0.060592754092245474,0.07621160320939323
110,0.018582472269024035,0.03087554448406382,0.07685714987970069
111,0.02063592241728267,0.02621323610250124,0.010726909891723849
112,0.021259562023129244,0.010145693849370259,0.02401370821281866
113,0.00520246901271751,0.012330450102528073,0.010110459350205374
114,-0.008309915086703607,-0.016676321787809843,-0.009043148799559865
115,-0.01091302637349729,0.0038506528856712802,-0.01034294138971659
116,-0.012098651111803338,0.0032324925016987793,-0.012363559480481639
117,-0.012496037945813342,0.0038506528856712802,-0.015478455702924606
118,-0.0062230011532690395,-0.009563716691591066,-0.015514634217338867
119,-0.023748810876724535,-0.006094165444855547,-0.016671444007656022
120,-0.015379623580171432,-0.006684751097389637,-0.007407840181971792
121,-0.04137980208311656,0.3626124652144976,-0.028440898273108157
122,0.07244109291852918,0.04818510671380746,0.07447485100711401
123,0.11447228553036332,0.026115675856567086,0.1307464075357764
124,0.030724761970111907,0.0032324925016987793,0.18958437403208883
125,0.01306356578974076,0.002536413129383803,0.02304262699243385
126,-0.0029523471122173467,-0.015338279036695632,0.001228935609991898
127,-0.019295710566584096,-0.022896301435862184,0.0022033722138396434
128,-0.014535163454043239,-0.016466339728686934,0.0012176768513746873
129,-0.014631379776993449,-0.016466339728686934,0.001387319897087702
130,0.033739726440454976,0.01644638830673386,-0.14177422830550737
131,0.015084499809121537,-0.004614027580143002,-0.002403145211776797
132,0.007529382533470358,-0.0029789655144222948,-0.0038052895578365585
133,0.012855037582494278,-0.004614027580143002,-0.003044063263746793
134,0.009959807254089176,-0.0050611730529541085,-0.002779590870188815
135,0.01978429495579512,-0.008651183728808734,-0.0036643195546418104
136,0.014423844572073413,-0.004614027580143002,-0.004953977420171935
137,0.019464755604924593,-0.0050611730529541085,-0.0067753096623731955
138,0.0223430903066184,-0.004614027580143002,-0.009797797585033389
139,0.020821275763390833,-0.004142225504214834,-0.0066976951440876255
140,-0.08820620994161812,-0.11703116860097006,-0.018852276430317436
141,-0.0922132172428047,-0.1757180004480638,-0.07084460509363448
142,-0.09231930709404088,-0.06103862205389614,-0.12172301514666316
143,-0.1983256493243383,-0.07163470008583041,-0.15338972334718656
144,0.10368999297355842,-1.1159674597923328,0.10374843421108267
145,-0.2823242226035144,-0.15087692295265473,-0.2826900053972847
146,-0.2823242226035144,-0.10327287942178431,-0.2826900053972847
147,-0.2823242226035144,-0.15950637146296268,-0.2826900053972847
148,0.08275115414386373,-0.09576457477059669,0.08281624224234684
149,0.043534556088866146,-0.15950637146296268,0.04359211434685883
150,0.3973309650379627,-0.025767857486917387,0.12833886104910655
151,-1.110401804914195,0.7025036165822633,-0.005343532042059626
152,-0.13730818955263882,0.2792547191764675,-0.020718204319472026
153,-0.3006728925418506,-0.3555914185406135,-0.11813189928771785
154,0.03942863174081931,1.033054692598365,0.04413092848728139
155,-0.08623155898952399,-1.1467091035936827,0.02800806356146881
156,-0.15525104859255037,-1.3192482078610914,0.039294852763341735
157,-0.3158817945954038,-1.9974286010442128,0.014423367789223405
158,-0.6641262501856006,-0.19484108790782087,-0.01253599319948158
159,-0.13447291650600265,-0.3841088378103174,-0.02383768898048328
