,msc,ldn,pit
0,25.612244504828766,31.599999999999994,13.176509607517346
1,0.5151444444167197,0.6200000000000045,0.018243473055647996
2,0.2263980083507704,0.3199999999999932,0.5074755618333455
3,0.3198441737593214,0.12000000000000455,0.012248750234988393
4,0.1732804201222251,0.03999999999999204,0.0683252317168126
5,0.34910213689886405,0.30000000000001137,0.035232472410740456
6,0.0656315809398933,0.14000000000000057,0.2809269976296349
7,0.3921402672704346,0.28000000000000114,0.039045390677088676
8,0.11278913764370202,0.2599999999999909,0.008178693860045883
9,0.5073724981704117,0.04000000000000625,0.07633421255204098
10,0.19991218034509473,0.28000000000000114,0.05007224772958807
11,0.20586126753363487,0.37999999999999545,0.049292895303750583
12,0.09257735294471559,0.060000000000002274,0.5017716003969923
13,0.11433797588985328,0.020000000000010232,0.029548377886555954
14,0.05489585528476937,0.020000000000010232,0.27167925421611017
15,0.09637044470677836,0.020000000000010232,0.04419834147050494
16,0.33132947390048173,0.539999999999992,0.04761709921015722
17,0.13754337763779745,0.09999999999999432,0.09893293378181056
18,0.6384944213840669,0.5999999999999943,0.6189010217378694
19,0.05346309256644588,0.09999999999999432,0.04721074334653963
20,0.24724654486985287,0.11999999999999034,0.42434883186638217
21,0.2929189494067259,0.20000000000000284,0.13186001308268658
22,0.21892957037101723,0.2600000000000051,0.042653386895480594
23,0.34162850935895506,0.1600000000000108,0.005020310081761181
24,0.015918813983219593,0.1600000000000108,0.24583892759703474
25,0.2765959237789275,0.0799999999999983,0.07099544603980235
26,0.44263968646824026,0.28000000000000114,0.12106965580481699
27,0.42474637214027666,0.5400000000000063,0.10413484789295069
28,0.2147233121035157,0.060000000000002274,0.037901020854803846
29,0.21973835995549962,0.480000000000004,0.0550005726445022
30,0.2148983506936304,0.05999999999998806,0.11878000169426173
31,0.04209673879053355,0.1600000000000108,0.002853149629032714
32,0.3220009002312736,0.11999999999999034,0.05417298137260218
33,0.23514296710649774,0.3200000000000074,0.483719560136052
34,0.06286963013950242,0.03999999999999204,0.0172065150136973
35,0.0655800142337597,0.05999999999998806,0.01992971618278716
36,0.11881936003769056,0.01999999999999602,0.5240637012920928
37,0.7638008776927734,0.7999999999999972,0.00010812564980255956
38,0.15480279737118963,0.0799999999999983,0.09040247919480748
39,0.5276824774355617,0.5799999999999983,0.5405276291394898
40,0.2949366228336032,0.10000000000000853,0.021222359963886106
41,0.0873205469970344,0.3199999999999932,0.002571662389001972
42,0.16518797898400805,0.1799999999999926,1.1523453851544616
43,0.7442220062565639,0.020000000000010232,0.013215650590083783
44,0.36450030464935423,0.5200000000000102,0.027157833602416304
45,0.150603344094705,0.12000000000000455,0.18226444697694433
46,0.13190886848266814,0.060000000000002274,0.08608937944059392
47,0.21884196191686556,0.14000000000000057,0.15913449654578926
48,0.354485020609971,0.0,0.08087295040893139
49,0.13735227716384202,0.09999999999999432,0.05263324457698104
50,0.009818837596256458,0.29999999999999716,0.022880190264118028
51,0.4100895276544776,0.2600000000000051,0.03835012145101757
52,0.20284631408172515,0.12000000000000455,0.07226151418736038
53,0.1982355909885598,0.35999999999999943,0.0037944727743024487
54,0.14210100633864897,0.3199999999999932,0.19430918564644628
55,0.016449726093242134,0.11999999999999034,0.016172952675674424
56,0.1528723796714928,0.01999999999999602,0.016701589458861577
57,0.06371620925033028,0.28000000000000114,0.1552912866427505
58,0.6845106081489405,0.29999999999999716,0.027273938719744706
59,0.10058511957473115,0.1599999999999966,0.10160707681663439
60,0.014942351071738358,0.5,0.015094167204708242
61,0.05794117856763137,0.04000000000000625,0.05852986810033656
62,1.3862139048894875,0.47999999999998977,0.00940851524744346
63,0.18544062469348432,0.2599999999999909,0.5774846149246144
64,0.13547694134069843,0.3200000000000074,0.03127703961884265
65,0.08708432429916968,0.5600000000000023,0.04328600600793209
66,0.6466652587973556,0.0799999999999983,0.034018943230847754
67,0.2989307089371209,4.560000000000002,0.018607625475468126
68,0.2305426490700313,0.0,0.42604642732629827
69,0.1372503890422081,0.0,0.038812908888829156
70,0.0919555032557895,3.5600000000000023,0.051528707084358416
71,0.04379914654086292,0.0,0.017739090971190308
72,0.25327740453042225,3.5600000000000023,0.02040997581596571
73,0.3267769009809314,3.5600000000000023,0.0055556359726836035
74,0.21724464299303747,0.0,0.0740843873623902
75,0.08523072209607108,3.5600000000000023,0.02550385816860512
76,0.09615976876173704,3.5600000000000023,0.09655883563927148
77,0.0002182001927053534,3.5600000000000023,0.09772244233758443
78,0.0799742470804432,3.5600000000000023,0.0019142467998705115
79,0.10414129414728279,3.5600000000000023,0.006592830507642589
80,0.2825464577424981,3.5600000000000023,0.022535193106591578
81,0.0492187217173381,0.12000000000000455,0.03566872288617162
82,0.36916122865928,0.3199999999999932,0.21571085001448864
83,0.03960331613356516,0.37999999999999545,0.13060784053025998
84,0.2087307338079114,0.14000000000000057,0.05679207520331886
85,0.030632607298088033,0.04000000000000625,0.1280717382699379
86,0.044087647803664254,0.0799999999999983,0.03711792071446496
87,0.2493886973741013,0.21999999999999886,0.9464192598103978
88,0.17792086340863023,0.11999999999999034,0.038867300798955284
89,0.8016155339023641,0.47999999999998977,0.03890215890632476
90,0.6432741922677394,0.5599999999999881,0.6782933995636995
91,0.1360155100950351,0.04000000000000625,0.0020703810977664716
92,0.32656039038658946,0.20000000000000284,0.03104542906135066
93,0.24933481438793592,0.03999999999999204,0.4604140272640933
94,0.6708819190872646,0.6200000000000045,0.07998619725236722
95,0.23384195278322295,0.0799999999999983,0.05054387221325385
96,0.12152648012205702,0.14000000000000057,0.023369482724703516
97,0.07164011740053411,0.0799999999999983,0.04601818566460736
98,0.21506668101147852,0.20000000000000284,0.09847878129090759
99,0.4992112954804355,0.4000000000000057,1.0408079362889566
100,0.07382659548636639,0.020000000000010232,0.06366717443586367
101,0.08601660739726924,0.2400000000000091,0.057858279747264874
102,0.0894605558041377,0.060000000000002274,0.4301302477287834
103,0.3427595198214419,0.30000000000001137,0.05458274988144751
104,0.26504851235866056,0.060000000000002274,0.05548366546474881
105,0.40214673825039426,0.2599999999999909,0.07619214624753567
106,0.07433611185834366,0.0,0.0812542452786289
107,0.2865949490261528,0.35999999999999943,0.06106786335129755
108,0.1696128324072248,0.03999999999999204,0.0926667258560343
109,0.4726841398543655,0.23999999999999488,0.11876420155883238
110,0.005162675204388734,0.0799999999999983,0.03795191362812034
111,0.15257059479756663,0.2400000000000091,0.04412243396006943
112,0.06301682744408765,0.09999999999999432,0.00405395093842742
113,0.0761135578210741,0.0799999999999983,0.2598888109769888
114,0.2089651557604384,0.35999999999999943,0.03239316526953928
115,0.17955395085161285,0.01999999999999602,0.016025389118681233
116,0.30176425660418715,0.28000000000000114,0.09941738169827374
117,0.7179638846777863,0.6600000000000108,0.06047145927604447
118,0.10844769768092988,0.060000000000002274,0.07571896834556924
119,0.05707549258777078,0.0799999999999983,0.041567640236749526
120,0.23388062975629964,0.18000000000000682,0.020677740873708217
121,0.09733963846366578,0.0799999999999983,0.013668485170285294
122,0.24780828816392386,0.35999999999999943,0.03301187571214825
123,0.18136622812934888,0.29999999999999716,0.025471056045020646
124,0.42769717306859434,0.4000000000000057,0.0835270660689389
125,0.25028065349607687,0.0799999999999983,0.1347667314042127
126,0.05746072679266945,0.03999999999999204,0.045043940662353066
127,0.39505905485059145,0.4200000000000017,0.05615459961899205
128,0.1671750493714228,0.4399999999999977,0.004016566680334677
129,0.505939369225942,0.2600000000000051,0.10803090170819019
130,0.5544803964600646,0.45999999999999375,0.045055361510662806
131,0.1754763726533497,0.23999999999999488,0.007485994272556695
132,0.007294860904394795,0.09999999999999432,0.04020082529063984
133,0.0845913080088394,0.01999999999999602,0.0456755281715715
134,0.02299141802754434,0.01999999999999602,0.04941575222110828
135,1.2927011047786436,1.1600000000000108,0.15844244534754637
136,0.07501853047736518,0.05999999999998806,0.01660943991150532
137,0.052748639097387695,0.020000000000010232,1.5079490188598044
138,0.07632011597742405,0.0,0.0019710486727007037
139,0.004527391703078365,0.03999999999999204,0.008540542307883925
140,0.20469160468809378,0.1599999999999966,0.010588468975299747
141,0.08334770623407906,0.04000000000000625,0.057210235069206306
142,0.04533768877406885,0.0,0.01919714216904822
143,0.19313127001657904,0.05999999999998806,0.010355094249206331
144,0.057947312697521625,0.05999999999998806,0.04495047693707477
145,0.2999984431824032,0.37999999999999545,0.058864405943211295
146,0.00920747313909942,0.0,0.028628703935552835
147,0.010674157119396455,0.09999999999999432,0.4606242046064608
148,0.06464344836470559,0.03999999999999204,0.025521219826515562
149,0.06068599691077736,0.13999999999998636,0.07631516842211283
150,0.008139206295140866,0.03999999999999204,0.014683021521250339
151,0.1420174540306789,0.060000000000002274,0.05070551511539634
152,0.037726199376237446,0.03999999999999204,0.03119581138460603
153,0.28178712269821915,0.30000000000001137,0.07280172113566152
154,0.16789328881648657,0.12000000000000455,0.017667174201605462
155,0.17508050867324698,0.45999999999999375,0.2273200848674719
156,0.39765733865620234,0.12000000000000455,0.02526849562531197
157,0.30308145311970236,0.28000000000000114,0.00908091199090677
158,0.08373895608329462,0.20000000000000284,0.23397231017301579
159,0.14874306568682982,0.12000000000000455,0.08344250258525676
160,0.028187422283835417,0.0,0.008573220510356805
161,0.03587984959744972,0.04000000000000625,0.04913003980229291
162,0.008741296196532744,0.01999999999999602,0.06770537305200719
163,0.27411304143058146,0.10000000000000853,0.06495524591811375
164,0.02919296176351338,0.20000000000000284,0.19974938454515723
165,0.09079828130477097,0.20000000000000284,0.01239330638961178
166,0.22048587591811497,0.21999999999999886,0.017980234853581578
167,0.16259259664506942,0.12000000000000455,0.1248520018127266
168,0.32702139757195425,0.28000000000000114,0.05930194729131699
169,0.27953027792888463,0.2600000000000051,0.007871431401284212
170,0.061442021460251794,0.21999999999999886,0.08221414336239263
171,0.06862275943863949,0.10000000000000853,0.06206115310384064
172,0.029207228853650236,0.01999999999999602,0.042484330630372824
173,0.13201134668352665,0.23999999999999488,0.14833780636020322
174,0.0531883328432059,0.060000000000002274,0.02062093828601519
175,0.09461927515117452,0.0,0.042539992750207034
176,0.17339180724728465,0.09999999999999432,0.03517148748761656
177,0.13761411023421033,0.2600000000000051,0.1354643067035397
178,0.014992657015511668,0.060000000000002274,0.03692100268557397
179,0.06756627911410362,0.21999999999999886,0.33588265903625825
180,0.33196333467314787,0.5799999999999983,0.24299505499573115
181,0.07781421286014734,0.1599999999999966,0.020313190934928116
182,0.11649100861839656,0.01999999999999602,0.7499802172851986
183,0.6206387346314983,0.8400000000000034,0.025452998680123073
184,0.018300036965726463,0.37999999999999545,0.005219860418918643
185,0.6924978476572647,0.519999999999996,0.7056849505938487
186,0.01670667806315862,0.29999999999999716,0.002850789979078172
187,0.042214413851894506,0.04000000000000625,0.009540588545903006
188,0.0015988450922179709,0.020000000000010232,0.6215845178194712
189,0.4120246893811128,0.3200000000000074,0.10494504995482146
190,0.037630464325033586,0.03999999999999204,0.11598497448449052
191,0.20717282859057207,0.14000000000000057,0.2922904922896521
192,0.12124062960310766,0.03999999999999204,0.055771616284289394
193,0.13873982481572966,0.05999999999998806,0.024317406514953177
194,0.22374017763743836,0.21999999999999886,0.3253869456108447
195,0.5278394019527042,0.4200000000000017,0.07013508551266057
196,0.10725327095001091,0.29999999999999716,0.030748296743965398
197,0.4552871892342125,0.6400000000000006,0.778417615973396
198,0.4319602544575929,0.3400000000000034,0.10163082873560825
199,0.19163249559044004,0.21999999999999886,0.03249371795182299
200,0.04696230166551629,0.28000000000000114,0.21410379620546394
201,0.2729967675137317,0.3199999999999932,0.006968478566705016
202,0.14127721308632601,0.0799999999999983,0.05188260087501817
203,0.04951021945220191,0.03999999999999204,0.020008276823091364
204,0.003381112052167623,0.01999999999999602,0.022349049544445165
205,0.044696737020487376,0.03999999999999204,0.019421808990841782
206,0.05938149387881708,0.11999999999999034,0.02277853109782768
207,0.0851184571276491,0.1799999999999926,0.02863083659532606
208,0.1195700077310704,0.060000000000002274,0.06272814996304987
209,0.09565586723761044,0.0799999999999983,0.024335926887815162
210,0.03798826120791432,0.21999999999999886,0.012754206089070408
211,0.3778907857641087,0.2600000000000051,0.07481262454528803
212,0.14311608518886487,0.1799999999999926,0.002123567189059372
213,0.22543740148284996,0.03999999999999204,0.004459840278855154
214,0.012440197476962567,0.14000000000000057,0.3601259360446818
215,0.1730620604771076,0.14000000000000057,0.010043971305691457
216,0.2076089990508052,0.45999999999999375,0.07532387227949755
217,0.2843259108221048,0.2600000000000051,0.1889111411068285
218,0.060478914572598796,0.0799999999999983,0.034137649482360644
219,0.0808974790349879,0.12000000000000455,0.020006006562653056
220,0.13347800140751076,0.14000000000000057,0.30820320592394523
221,0.2349101550617121,0.29999999999999716,0.19110492305010496
222,0.015360168041382849,0.04000000000000625,0.12873667585144233
223,0.12449497150142008,0.14000000000000057,0.04914268437563862
224,0.31703491513135873,0.11999999999999034,0.07867519126007494
225,0.4053109214783319,0.05999999999998806,0.10491279463725789
226,0.39062347202758474,0.7999999999999972,0.09928124783753844
227,0.19367511733133824,0.37999999999999545,0.0034885225905298967
228,0.5487994622936725,0.960000000000008,0.6950513950567512
229,0.08750199043396378,0.4200000000000017,0.1377437688519194
230,0.9811687845408983,1.0799999999999983,0.04393493833440232
231,0.16574169791111615,0.09999999999999432,1.6496665875912697
232,0.057879876591698576,0.29999999999999716,0.17257066356941664
233,0.0051450781048316685,0.10000000000000853,0.0369596215567185
234,0.08503975750156201,0.0799999999999983,0.04224722038409823
235,0.07182987584567968,0.0800000000000125,0.042715791938661596
236,0.4328784193513826,0.2599999999999909,0.056562514922859464
237,0.4348228436312098,0.35999999999999943,0.3914047421201019
238,0.09394724329339965,0.20000000000000284,0.03321846965792474
239,0.08310792998010186,0.0,0.09602521431905586
240,0.054677856198935615,0.1599999999999966,0.015276761123303118
241,0.057603013030160355,0.1599999999999966,0.20389577693984506
242,0.04261989240262665,0.09999999999999432,0.06171680668838064
243,0.04686929584330812,0.28000000000000114,0.0738882216100194
244,0.37107389634668664,0.5400000000000063,0.11863494333350388
245,0.3281051540303679,0.4399999999999977,0.07256839247305891
246,0.12743448684024372,0.18000000000000682,0.17731511828498014
247,0.12655139391830517,0.18000000000000682,0.06434593256057042
248,0.15047456781933022,0.11999999999999034,0.010549807971258929
249,0.26466673297919385,0.3399999999999892,0.2441242101112806
250,0.045776440235243854,0.10000000000000853,0.10923499660000857
251,0.0492960760166028,0.12000000000000455,0.01433954901536083
252,0.5654275441203964,0.5400000000000063,0.25947032752962684
253,0.23339291499517856,0.14000000000000057,0.03559239655405122
254,0.17469491277849158,0.21999999999999886,0.0025122376639501454
255,0.2429746851543797,0.23999999999999488,0.4966095801719206
256,0.27521401967260317,0.14000000000000057,0.06507290905717866
257,0.13991794463761664,0.12000000000000455,0.0634280937104279
258,0.2642374313600584,0.5,0.24511865173620606
259,0.23405957129430988,0.28000000000000114,0.014300395381880548
260,0.18129812374463938,0.20000000000000284,0.01583491258837455
261,0.0925103508257763,0.18000000000000682,0.18809046708175003
262,0.1016713005409855,0.020000000000010232,0.044874341438017495
263,0.030336428551223094,0.060000000000002274,0.0368684095156766
264,0.12415255435193728,0.12000000000000455,0.21974218223967057
265,0.2443751848090443,0.0799999999999983,0.1624023654562592
266,0.16756499358650956,0.23999999999999488,0.3134933425462094
267,0.16126619517147844,0.11999999999999034,0.07248051538437039
268,0.12262286653420063,0.0799999999999983,0.04261212740061637
269,0.2432192967256981,0.20000000000000284,0.09691710051482971
270,0.04204278462614752,0.1599999999999966,0.021671382356444724
271,0.0008920572470856314,0.0799999999999983,0.058033072482899684
272,0.052727616286532,0.09999999999999432,0.029888510465525542
273,0.04412117572262275,0.09999999999999432,0.05746097594915511
274,0.07974318563212535,0.14000000000000057,0.015440378081009953
275,0.17239313269813294,0.28000000000000114,0.18287662049473852
276,0.07395421118880563,0.1799999999999926,0.07856975494900098
277,0.4909085513583591,0.01999999999999602,0.42882360195024205
278,0.2612185442830821,0.21999999999999886,0.18561755300669347
279,0.16741148467762912,0.6400000000000006,0.06971086794179371
280,0.2587444159136112,0.6599999999999966,0.040881939304171055
281,0.26662668381587196,0.2600000000000051,0.51010612910531
282,0.3613597409600118,0.519999999999996,0.07930949163176138
283,0.051269978909147085,0.060000000000002274,0.06381590347884014
284,0.2674003299924834,0.04000000000000625,0.6901987758563024
285,0.27709578998192796,0.1599999999999966,0.17422042792729542
286,0.10476117350155789,0.21999999999999886,0.017407973879045358
287,0.09048843399510531,0.04000000000000625,0.12815397306023613
288,0.03621031894223847,0.23999999999999488,0.004072528590143065
289,0.013104797250591105,0.3400000000000034,0.21897938664004357
290,0.20329447620403585,0.1600000000000108,0.023009980209977243
291,0.17601558872466683,0.10000000000000853,0.07293461455866179
292,0.19234192312690368,0.4000000000000057,0.05907840515466489
293,0.24205787202105,0.0,0.04742466844150783
294,0.012928444006831796,0.060000000000002274,0.7172093225512128
295,0.33774005216460523,0.2600000000000051,0.14544711747825545
296,0.18328448769140948,0.18000000000000682,0.0028364908082494367
297,0.18119527107178612,0.060000000000002274,0.14605434666465555
298,0.199511893051195,0.29999999999999716,0.07763453188829317
299,0.22362872567492786,0.12000000000000455,0.02024583335422392
300,0.20671499599563958,0.2400000000000091,0.07567366346069093
301,0.15080979879763845,0.09999999999999432,0.04828873640975928
302,0.03166072316811608,0.060000000000002274,0.013334218582983226
303,0.2439584662499783,0.29999999999999716,0.14679688830103998
304,0.12251698729404836,0.1599999999999966,0.006465368918782133
305,0.08365230521914668,0.11999999999999034,0.05171154038626469
306,0.1853532614544804,0.0799999999999983,0.3917076925351495
307,0.1674067557234622,0.28000000000000114,0.019437131438380106
308,0.10260995075087465,0.04000000000000625,0.14200262964210708
309,0.14934591673285524,0.1599999999999966,0.2699909901822508
310,0.20796692321205512,0.04000000000000625,0.20163256479500546
311,0.11422585760857373,0.11999999999999034,0.08855286401609419
312,0.18971191115642227,0.2600000000000051,0.08679458175606669
313,0.1223136716246529,0.35999999999999943,0.01923480645476161
314,0.14008461918641046,0.1599999999999966,0.1205259485026744
315,0.002264802280635081,0.09999999999999432,0.24263934259502662
316,0.1785677152232097,0.2600000000000051,0.03440347526841947
317,0.23397633059093437,0.5400000000000063,0.11438464663548586
318,0.12938651752284613,0.0,0.006955330098165291
319,0.004707795750150012,0.020000000000010232,0.008179664810427312
320,0.1418301385461973,0.3399999999999892,0.07094088313692737
321,0.013691664770320244,0.05999999999998806,0.10401655840291824
322,0.04805543199510964,0.060000000000002274,0.029297432172086246
323,0.1594033355633684,0.1799999999999926,0.03063925406645751
324,0.17960781559150973,0.020000000000010232,0.10258043591956323
325,0.11513278654803116,0.10000000000000853,0.0006792444960979083
326,0.13100508515796605,0.01999999999999602,0.09261855000760022
327,0.010153483110116213,0.21999999999999886,0.015586861687168607
328,0.14116228688007482,0.04000000000000625,0.1027718332860843
329,0.22950457542951597,0.020000000000010232,0.04706291329965495
330,0.15992719435065794,0.04000000000000625,0.07002348237634237
331,0.0646096922004773,0.0799999999999983,0.01950206331081006
332,0.042147459995717895,0.0,0.0034406518507381634
333,0.04416139088129967,0.0,0.14209509737024462
334,0.11361195560164106,0.1599999999999966,0.6744386262091808
335,0.02426778698421117,0.0,0.020869216081536024
336,0.043602071078495896,0.14000000000000057,0.03722620451310377
337,0.05504555614241724,0.1600000000000108,0.029303718931231515
338,0.06689701599995601,0.18000000000000682,0.03629341977396905
339,0.13120968680868828,0.18000000000000682,0.002270763913870155
340,0.01642166658454869,0.04000000000000625,0.009992237353372957
341,0.08259017565934812,0.060000000000002274,0.07616386364166772
342,0.05948600576638796,0.09999999999999432,0.011459715317769792
343,0.12106823753630636,0.04000000000000625,0.09555748978513634
344,0.21074109397427776,0.1799999999999926,0.12700494395861028
345,0.1103065744833458,0.10000000000000853,0.04604351557951247
346,0.06863697754781128,0.0,0.03654463133196373
347,0.11496023527406862,0.14000000000000057,0.17491313404624975
348,0.012274768640693878,0.01999999999999602,0.025156692764142008
349,0.144073942856366,0.020000000000010232,0.18905787719013745
350,0.005191298526597166,0.12000000000000455,0.14269748884507294
351,0.006544420229531056,0.0,0.00011260900865295298
352,0.04161673992089732,0.23999999999999488,0.05498778597210219
353,0.09211382929900935,0.14000000000000057,0.008457116659940311
354,0.005135181424805069,0.03999999999999204,0.02063249637362219
355,0.13880667818128245,0.14000000000000057,0.05515446269865265
356,0.11681897365900795,0.10000000000000853,0.058847178340172945
357,0.28558441643453136,0.23999999999999488,0.002146667950569281
358,0.17769354383545988,0.4200000000000017,0.4869128093847479
359,0.1448843192830651,0.04000000000000625,0.08054177765124848
360,0.07661689024915574,0.1599999999999966,0.0005666812252655973
361,0.0019640773238762677,0.060000000000002274,0.09204597815877946
362,0.08547991465978555,0.03999999999999204,0.0212146279799299
363,0.021716607446720104,0.0,0.0282325175903253
364,0.1464985780783934,0.020000000000010232,0.12110773466939406
365,0.0012010693443045284,0.09999999999999432,0.0889541314809037
366,0.06992978653430271,0.0,0.03316304553661098
367,0.1616673170176739,0.12000000000000455,0.04589996142769337
368,0.1632502784711818,0.12000000000000455,0.015018979675105015
369,0.1449298973497264,0.1599999999999966,0.0022002363359376886
370,0.12039251727233591,0.0,0.09358782812176969
371,0.07366203795353954,0.0799999999999983,0.03445079791656269
372,0.05117285473366451,0.0,0.06353782831237709
373,0.20715260339508745,0.2600000000000051,0.013320848985983957
374,0.1554638896674021,0.1599999999999966,0.05123542027081385
375,0.3189117449464902,0.21999999999999886,0.16150891642467968
376,0.1783947916564017,0.14000000000000057,0.03502375461462748
377,0.18376067677777996,0.18000000000000682,0.02745816381870725
378,0.015832455217207553,0.3400000000000034,0.15707477747558585
379,0.15005750235552284,0.3200000000000074,0.050710123012692065
380,0.0709262501212038,0.03999999999999204,0.005921082452758242
381,0.13729339276414976,0.1600000000000108,0.03956983217054244
382,0.13867480890115758,0.12000000000000455,0.0023198439499054757
383,0.01854057692276001,0.03999999999999204,0.0009279713169974002
384,0.07392146781140241,0.0,0.02180223030380546
385,0.1239193279340185,0.01999999999999602,0.07136069128112865
386,0.05228226809752812,0.01999999999999602,0.05825743529598526
387,0.08392440935740808,0.020000000000010232,0.00046390252933292686
388,0.10452098576176638,0.03999999999999204,0.005799188199588912
389,0.11410808280518836,0.01999999999999602,0.003711875630088457
390,0.1112850041786686,0.01999999999999602,0.04596000218052154
391,0.03844062742302867,0.03999999999999204,0.01986098703686423
392,0.4525088735289131,0.45999999999999375,0.23563524721268436
393,0.12255727434053654,0.060000000000002274,0.06322531763734673
394,0.05703507705040067,0.060000000000002274,0.008070271348643132
395,0.06543347280698697,0.1599999999999966,0.05184809181781702
396,0.025053276762193377,0.020000000000010232,0.013933477650454051
397,0.0902024549705942,0.35999999999999943,0.0783683215784805
398,0.32963257651350375,0.0799999999999983,0.04864242322250334
399,0.029258170809100648,0.0799999999999983,0.009711414716889522
400,0.12176567970342944,0.1600000000000108,0.00432944457531903
401,0.008069050488330731,0.0,0.007955727623922826
402,0.09270332004669513,0.05999999999998806,0.017902371603213396
403,0.07891438631968128,0.0,0.052166067330063015
404,0.05081743015699658,0.0,0.04374053194237604
405,0.002260226497114104,0.10000000000000853,0.017086762537104505
406,0.10982334804033655,0.14000000000000057,0.024705384960554966
407,0.10522356124818089,0.1599999999999966,0.03784550445428181
408,0.20878784627522862,0.29999999999999716,0.03212926219460144
409,0.015090289271142865,0.01999999999999602,0.008444952481269752
410,0.13063501041131076,0.20000000000000284,0.019414213343964093
411,1.5964617732769284,1.6400000000000006,1.3615738735270924
412,0.06635610548761406,0.0,0.014001249509277613
413,0.06633016118544788,0.14000000000000057,0.06628394711783869
414,0.37503955051889193,0.3400000000000034,0.021857588039338793
415,0.13999339997326388,0.01999999999999602,0.0038790700944275613
416,0.05639536567836956,0.21999999999999886,0.43421142389198053
417,0.19302082972434675,0.0800000000000125,0.0558542586947226
418,0.0064955858841955205,0.03999999999999204,0.006609160087052146
419,0.09486892643478484,0.0799999999999983,0.20606078061314292
420,0.052114666302699675,0.10000000000000853,0.03260409238544071
421,0.13518307916639571,0.020000000000010232,0.18818064220235442
422,0.01678328853193989,0.0799999999999983,0.10845081183713035
423,0.03553887430433633,0.1799999999999926,0.056262517751832775
424,0.14876581387295573,0.20000000000000284,0.03750053390766084
425,0.007535715700726087,0.01999999999999602,0.1253987898200961
426,0.16027239128713688,0.11999999999999034,0.068484655701468
427,0.08583079985560005,0.0799999999999983,0.02028515126670527
428,0.05210856742280612,0.09999999999999432,0.19026374257492762
429,0.1334644127050808,0.1599999999999966,0.023742184123150878
430,0.03797974562702677,0.04000000000000625,0.02752318817761079
431,0.08143936501328142,0.04000000000000625,0.08148671348131131
432,0.028286015111802953,0.0,0.004498023756440261
433,0.04647124830624705,0.1599999999999966,0.05959117047123641
434,0.17591379064363366,0.0,0.11701292430849719
435,0.05194015751095549,0.01999999999999602,0.046295385334332195
436,0.04682913328831262,0.01999999999999602,0.027202537415632833
437,0.24591338681828745,0.28000000000000114,0.010385040455304306
438,0.0025725075113882667,0.01999999999999602,0.06163717820443537
439,0.09867701921152161,0.01999999999999602,0.11737610358198936
440,0.02938000996648782,0.01999999999999602,0.09496341217736415
441,0.17725706180671352,0.18000000000000682,0.01939522566111407
442,0.0568011612816548,0.14000000000000057,0.2404596947033184
443,0.13992675451571301,0.11999999999999034,0.004124859724157659
444,0.011633412915855956,0.18000000000000682,0.15939080051944643
445,0.1973950314715438,0.35999999999999943,0.13188231054148503
446,0.002215660439929934,0.0,0.03514576499074451
447,0.14300904321569874,0.28000000000000114,0.1035452856607435
448,0.031328249728389324,0.04000000000000625,0.027939410340209747
449,0.005922930213245081,0.01999999999999602,0.033599106288590974
450,0.02653933552824128,0.060000000000002274,0.15804809547536536
451,0.10967471204104129,0.020000000000010232,0.08348856785644898
452,0.04058772185233295,0.11999999999999034,0.04522086836901451
453,0.03146998351789421,0.20000000000000284,0.014693558110266736
454,0.008074807069689882,0.09999999999999432,0.044669717756690375
455,0.04257311471189951,0.03999999999999204,0.02330510452100043
456,0.04447615501216262,0.0799999999999983,0.06752897569158733
457,0.035458319428187224,0.0,0.028885116780827502
458,0.3887542796259993,0.4000000000000057,0.03295722556586611
459,0.2269856628290512,0.21999999999999886,0.14199589762243647
460,0.15106061814017835,0.14000000000000057,0.03633723365460639
461,0.04176093438148598,0.060000000000002274,0.06853099510003346
462,0.09764360541559824,0.0799999999999983,0.01741236427160686
463,0.019823450435168866,0.0,0.006964162844596444
464,0.06367520753551048,0.0799999999999983,0.15044875220399945
465,0.06354102368486281,0.0799999999999983,0.04355472073376632
466,0.17381766988467007,0.14000000000000057,0.013393228035255333
467,0.030462389986126936,0.01999999999999602,0.003719953113829888
468,0.20039982858997973,0.18000000000000682,0.01984479126885219
469,0.004725601054289541,0.01999999999999602,0.004714386035601592
470,0.07959042139263772,0.060000000000002274,0.007319499066070989
471,0.07576367114110383,0.0799999999999983,0.00446599764333655
472,0.06045626089154155,0.0,0.006946921636782122
473,0.05984628412458903,0.01999999999999602,0.2544013374752865
474,0.00279262040938022,0.0,0.022888907596509966
475,0.11263798240466372,0.05999999999998806,0.045811628310175934
476,0.11461855073275729,0.020000000000010232,0.04772688816164816
477,0.03126145787418011,0.020000000000010232,0.004488162219232095
478,0.06326605538660601,0.0,0.017082260499805102
479,0.09796677669645248,0.1600000000000108,0.004240363832309413
480,0.16907886434422892,0.11999999999999034,0.004988623254291724
481,0.1417826204688879,0.0799999999999983,0.005486868422181601
482,0.051124674834227335,0.03999999999999204,0.009103567009759672
483,0.0899969494864763,0.060000000000002274,0.03670508915362802
484,0.008831264706529396,0.14000000000000057,0.05163784321743492
485,0.14889074207279407,0.3400000000000034,0.02506340721372169
486,0.13762332385527998,0.14000000000000057,0.056785366692125194
487,0.0004290004130638181,0.1799999999999926,0.04010337332434233
488,0.053661024726295636,0.0799999999999983,0.00012498613558875604
489,0.01823315446198137,0.060000000000002274,0.008623235442243526
490,0.014125116653090686,0.01999999999999602,0.0007497712963555614
491,0.27897527193744054,0.29999999999999716,0.0383787581425139
492,0.1512150547839468,0.14000000000000057,0.009503868444326713
493,0.010907342980615908,0.01999999999999602,0.04465997331263338
494,0.04165185951229944,0.0799999999999983,0.005256331071080922
495,0.43132298872139074,0.45999999999999375,0.5929985981557593
496,0.08387594368991813,0.01999999999999602,0.02312383723192113
497,0.20401758867419062,0.01999999999999602,0.12975651794603493
498,0.023369532871456045,0.01999999999999602,0.003242097178187464
499,0.07531913089243858,0.1599999999999966,0.021576668699580637
500,0.6571981309917021,0.9200000000000017,0.09953178949619712
501,0.3046638683963181,0.23999999999999488,0.22846861846369393
502,0.19767587827101352,0.18000000000000682,0.009828953332061019
503,0.26709419069815965,0.18000000000000682,0.005848592072609904
504,0.12176619969990554,0.18000000000000682,0.09392711960261124
505,0.31941764828472685,0.19999999999998863,0.11059988608313631
506,0.04687334687750422,0.020000000000010232,0.0
507,0.15936295306077852,0.05999999999998806,0.051846388523372866
508,0.0387978600573291,0.04000000000000625,0.10488316256123653
509,0.07591484985346142,0.0799999999999983,0.010911687423885041
510,0.24384831838244736,0.0799999999999983,0.08266496743574692
511,0.0800694135041482,0.060000000000002274,0.09326777132406505
512,0.07288126790123783,0.12000000000000455,0.07238036571635575
513,0.09804031103385569,0.2600000000000051,0.0024934528245950105
514,0.31249546939709205,0.35999999999999943,0.02903887538523975
515,0.1837435048132079,0.3199999999999932,0.0034545528259997127
516,0.06639189581514415,0.0799999999999983,0.020353462573012848
517,0.31155733995903745,0.3199999999999932,0.2824654227075456
518,0.011167974197107355,0.04000000000000625,0.06240300864045878
519,0.14658352306530276,0.060000000000002274,0.0868533573224397
520,0.1330329604726188,0.19999999999998863,0.22624436684307625
521,0.23866032027348183,0.21999999999999886,0.49855358655476323
522,0.08900650372643781,0.20000000000000284,0.13564065084784716
523,0.3726978221057493,0.3200000000000074,0.02621179015706332
524,0.06067145215932612,0.14000000000000057,0.07426711688998466
525,0.15902198076233276,0.04000000000000625,0.3389487785821217
526,0.0370469732385601,0.04000000000000625,0.0703920458957299
527,0.02325778245182164,0.37999999999999545,0.11428171741003723
528,0.24696398616610793,0.1799999999999926,0.04554926394311565
529,0.12014780965948546,0.020000000000010232,0.12703665413607723
530,0.07842862524026373,0.1799999999999926,0.20173013629887748
531,0.5647704132230587,0.6400000000000006,0.09829912363893811
532,0.10224034503052337,0.01999999999999602,0.014540426050729138
533,0.20355701142032956,0.2600000000000051,0.6390776073997131
534,0.40386813471613436,0.29999999999999716,0.014987784233781554
535,0.19308662322704606,0.09999999999999432,0.001332459887791515
536,0.4354514376602481,0.3200000000000074,0.9277642224071911
537,0.055280441033858096,0.14000000000000057,0.08710875522457684
538,0.22598741298344294,0.3199999999999932,0.09734054873513287
539,0.16593408058376724,0.01999999999999602,0.9430947101678839
540,0.3886561341965944,0.4200000000000017,0.09059301973860556
541,0.3932301408405863,0.23999999999999488,0.13497387687101536
542,0.13654478288253813,0.01999999999999602,0.583046654042505
543,0.2833014173012458,0.35999999999999943,0.008068512847998477
544,0.16805146284400507,0.37999999999999545,0.013338757419333547
545,0.2563679791099389,0.37999999999999545,0.5271210839497655
546,0.3719515713509054,0.29999999999999716,0.028745566492190733
547,0.04866429188516008,0.12000000000000455,0.08065686776276948
548,0.18797416152862922,0.37999999999999545,0.4536138221567825
549,0.8431633617873615,0.37999999999999545,0.551189162848317
550,0.02941400649652337,0.1799999999999926,0.022727570284573062
551,0.16515697965441234,0.04000000000000625,0.07592882526419942
552,0.33343396253428637,0.28000000000000114,0.11898843170362738
553,0.1500775558486538,0.0799999999999983,0.1115466503095206
554,0.02757658741175817,0.29999999999999716,0.30369977314592234
555,0.11030936127524171,0.020000000000010232,0.006415888874641951
556,0.0690650342881014,0.14000000000000057,0.07570042025521673
557,0.34261409899079354,0.2599999999999909,0.29108323903786015
558,0.021574006245600685,0.1599999999999966,0.010874931266357635
559,0.07824874502669843,0.10000000000000853,0.032944424308553266
560,0.5269096783627418,0.44000000000001194,0.10190647099088324
561,2.869924753540218,3.0999999999999943,2.112655748544114
562,0.07438408684761555,0.21999999999999886,0.034697652315330174
563,0.14283739308376653,0.09999999999999432,0.03605058152145091
564,0.0016183580511750506,0.01999999999999602,0.07115765891853698
565,0.06768931957572022,0.10000000000000853,0.04115736328169817
566,0.27433422468151036,0.4200000000000017,0.23586783304320136
567,0.2579376871144774,0.2599999999999909,0.013812501470169991
568,0.20899044386104038,0.0799999999999983,0.06317636082660272
569,0.03599181165571963,0.3400000000000034,0.036016069742771606
570,0.22203565440096895,0.28000000000000114,0.06969568474023902
571,0.09722638113483129,0.20000000000000284,0.24943010810613941
572,0.20042932965705518,0.01999999999999602,0.1408390929606469
573,0.6222473688402346,0.6800000000000068,0.14660107922345844
574,0.02983574280040102,0.020000000000010232,0.0034325865200770522
575,0.039753971178114966,0.19999999999998863,0.3366875427223732
576,0.033177977732293584,0.1599999999999966,0.06615449812271379
577,0.03530919105524788,0.01999999999999602,0.008904591846018661
578,0.13039343578941498,0.04000000000000625,0.06093239369762671
579,0.07877729941928635,0.03999999999999204,0.08547652205290035
580,0.11467321166661293,0.21999999999999886,0.002444508053372374
581,0.2949521154061898,0.10000000000000853,0.20233722663667209
582,0.14258021214098449,0.20000000000000284,0.023450417356315256
583,0.16620700895495588,0.2600000000000051,0.007369070451801463
584,0.13012814356613944,0.01999999999999602,0.2669328311140191
585,0.12219466137288748,0.01999999999999602,0.07584136191555046
586,0.12781032169273487,0.12000000000000455,0.0615036321103446
587,0.016229180428084078,0.09999999999999432,0.07643503128176121
588,0.22445449852078525,0.28000000000000114,0.07371628865081448
589,0.016211978352487222,0.14000000000000057,0.04347832224391368
590,0.07037931678499376,0.04000000000000625,0.01074467833655035
591,0.03475376250432305,0.060000000000002274,0.0016060123747223543
592,0.15026433622176683,0.1599999999999966,0.19683925749258435
593,0.226642785557857,0.3199999999999932,0.027301140461645446
594,0.043280314431541456,0.0800000000000125,0.05639012647884556
595,0.04493570756824283,0.0,0.08142198172508586
596,0.10913987907898104,0.04000000000000625,0.002736949988559445
597,0.0923260162995092,0.0,0.0658556174661129
598,0.07373880394365528,0.01999999999999602,0.02055092677217374
599,0.2921878970077785,0.020000000000010232,0.21307191693659888
600,0.09418728116619945,0.12000000000000455,0.038658660983401205
601,0.059115730843174674,0.03999999999999204,0.03927845155484988
602,0.035456325717348136,0.1600000000000108,0.0687465526782205
603,0.1524978248133948,0.03999999999999204,0.0929871214454181
604,0.040035400720242365,0.01999999999999602,0.1792061898261892
605,0.11872368460832661,0.0799999999999983,0.06578665596668998
606,0.057585428510918746,0.04000000000000625,0.05107353066041753
607,0.11278487645465418,0.0800000000000125,0.012904920519801522
608,0.006759252047160658,0.12000000000000455,0.006758289602018408
609,0.12341948289029858,0.03999999999999204,0.03525003585410502
610,0.1270480572040924,0.12000000000000455,0.11375661454751196
611,0.052295364980807335,0.1799999999999926,0.0006148628766737829
612,0.03180984978659751,0.2799999999999869,0.0010230546484706338
613,0.09694555592935217,0.0800000000000125,0.08357632040272733
614,0.04450247204853497,0.04000000000000625,0.04131530792386684
615,0.01587565195842444,0.20000000000000284,0.11433469118198047
616,0.005535324220161897,0.0799999999999983,0.0055137920868872925
617,0.19502920840548654,0.04000000000000625,0.16803990971503424
618,0.4191716404255601,0.09999999999999432,0.33865753308739954
619,0.23851088515101537,0.0,0.012544830473459001
620,0.33769925204316564,0.0799999999999983,0.13290148193348728
621,0.07152045711575283,0.060000000000002274,0.03852934417081144
622,0.22295565763909053,0.0799999999999983,0.1306737544957457
623,0.21644851760473216,0.11999999999999034,0.06030940903771409
624,0.11975290387100301,0.23999999999999488,0.12401426191918574
625,0.1870546715562682,0.09999999999999432,0.010653494217464754
626,0.32641177960861967,0.30000000000001137,0.05654578327811066
627,0.11592978414788035,1.1000000000000085,0.3198278149237268
628,0.22322979780807373,0.7000000000000028,0.034049691896811396
629,0.13373833428441628,0.20000000000000284,0.11465926077292465
630,0.12993829373286303,1.3400000000000034,0.28831740094736347
631,0.1055570205838876,1.3400000000000034,0.020017095040273603
632,0.2924413460808353,0.2400000000000091,0.1079241938688682
633,0.08657433938513748,0.3399999999999892,0.10536040289144921
634,0.08633848435509606,0.0799999999999983,0.046313958173925585
635,0.34277386759922024,0.519999999999996,0.12935010476019215
636,0.1735584745247678,0.3199999999999932,0.013168976830115753
637,0.052025893488433894,0.11999999999999034,0.0053425810242089256
638,0.05357382339174421,0.09999999999999432,0.11368353774828677
639,0.13678435123053134,0.14000000000000057,0.003360598697355499
640,0.30626134385593673,0.20000000000000284,0.0394378104709574
641,0.2851999053627736,0.29999999999999716,0.07498483327849215
642,0.15402447663809937,0.01999999999999602,0.12059328045795326
643,0.08497139677490395,0.01999999999999602,0.01834178135763409
644,0.2350851084754737,0.04000000000000625,0.02446302966806968
645,0.2179442707222421,0.37999999999999545,0.06822911240337248
646,0.023906778668518314,0.4399999999999977,0.1097972360770001
647,0.10336628716898133,0.0799999999999983,0.5430116669345892
648,0.038336233562148436,0.060000000000002274,0.04158611028128689
649,0.16270404645636916,0.19999999999998863,0.0561562442787249
650,0.20387727590193094,0.1799999999999926,0.04920446764390363
651,0.06328577531152746,0.01999999999999602,0.14334930685770075
652,0.04571146435961282,0.03999999999999204,0.020821026004270493
653,0.12144812131214167,0.05999999999998806,0.02487133078683712
654,0.06026207359030877,0.0799999999999983,0.007025860796971983
655,0.4232846177630165,0.4399999999999977,0.08958062618258111
656,0.09567574965048209,0.20000000000000284,0.4305094302745971
657,0.02051354378909309,0.03999999999999204,0.02715581428596181
658,0.008206693051164393,0.0,0.021514814465817267
659,0.11596436132364829,0.13999999999998636,0.13046126150125303
660,0.1589012855074401,0.20000000000000284,0.007636446549739162
661,0.043189184219400545,0.11999999999999034,0.00344887399523941
662,0.13922280351857808,0.060000000000002274,0.13380847208283342
663,0.26602609336717364,0.20000000000000284,0.012680731932533718
664,0.08187736562328496,0.09999999999999432,0.07504760758584439
665,0.18157864148136582,0.30000000000001137,0.1417636005855769
666,0.030558695136946312,0.03999999999999204,0.022701273055119486
667,0.07298926052065724,0.01999999999999602,0.026265288369089035
668,0.17846409969989452,0.12000000000000455,0.27178088998505245
669,0.03786457746032568,0.060000000000002274,0.0021014156972967157
670,0.10532706159199279,0.1600000000000108,0.07856230007023157
671,0.0495107222087654,0.18000000000000682,0.26396763919626665
672,0.07425645316462237,0.01999999999999602,0.04098848896808249
673,0.08891076987737279,0.0799999999999983,0.028936612012415708
674,0.0768885825525274,0.060000000000002274,0.056528678957207035
675,0.1053711716010639,0.03999999999999204,0.038632353985661894
676,0.05495838019474775,0.3400000000000034,0.0022289263715578045
677,0.33511749117216993,0.21999999999999886,0.04549260776487074
678,0.17712132831735516,0.1599999999999966,0.09914843444774135
679,0.06765358574354252,0.12000000000000455,0.9167133837513433
680,0.04874937395470624,0.18000000000000682,0.017136120233715246
681,0.14169137383134967,0.04000000000000625,0.023051668540489345
682,0.0022331697083615154,0.0799999999999983,0.022210589497049682
683,0.017916796781534572,0.01999999999999602,0.004754665328633223
684,0.07840199942073411,0.0799999999999983,0.005915057167868554
685,0.15314599725726907,0.2400000000000091,0.021347211862178028
686,0.01505400177605054,0.0800000000000125,0.09444633639016331
687,0.02179576845496456,0.020000000000010232,0.021858004643817708
688,0.06787190456589087,0.11999999999999034,0.015113420473937822
689,0.006093617469431933,0.020000000000010232,0.03916793543392316
690,0.10308201731467648,0.11999999999999034,0.02393827797968129
691,0.04481719090520642,0.020000000000010232,0.13720347684257206
692,0.07159008242288678,0.21999999999999886,0.040635868183443336
693,0.09273585259052197,0.11999999999999034,0.01289144150227628
694,0.050416091110690786,0.0799999999999983,0.017420718381771394
695,0.05759739266954966,0.0799999999999983,0.021602844507498276
696,0.05294340536100606,0.020000000000010232,0.006738540912877511
697,0.05758763400886835,0.060000000000002274,0.011385209305615263
698,0.030602057515125125,0.01999999999999602,0.010804259958732132
699,0.02115520239637192,0.09999999999999432,0.01184969272136982
700,0.008132408462174112,0.0799999999999983,0.008131798516302524
701,0.047788737163628525,0.0,0.027990302378597676
702,0.14291502021465874,0.0799999999999983,0.050592839616044216
703,0.03396214384153495,0.12000000000000455,0.040608908970298785
704,0.14354290519996482,0.2600000000000051,0.03457795697886468
705,0.16317368253295683,0.1799999999999926,0.01809037441525163
706,0.1072120275017312,0.1599999999999966,0.03467975925380529
707,0.07785656906327176,0.10000000000000853,0.02506996372311221
708,0.08122253147502079,0.0799999999999983,0.017766540344311466
709,0.0697724564176525,0.0799999999999983,0.08302147273391824
710,0.025921869122569774,0.04000000000000625,0.012746138459903023
711,0.12083073511834641,0.0799999999999983,0.04840163462674241
712,0.1736232087635301,0.3200000000000074,0.02407835878004505
713,0.02065431275329388,0.10000000000000853,0.04536744807879245
714,0.19699740936290766,0.09999999999999432,0.019206005554792682
715,0.08640376325895716,0.0799999999999983,0.05349710841348099
716,0.012611918114302512,0.0799999999999983,0.0060245736125636995
717,0.04418881922686069,0.03999999999999204,0.011238813602133746
718,0.019604284893432578,0.01999999999999602,0.03315385767304235
719,0.24285732102116242,0.0799999999999983,0.06500899963695872
720,0.14316599452924095,0.0,0.11710871862830174
721,0.20861404713252796,0.1599999999999966,0.02890033977698181
722,0.12845389101789806,0.12000000000000455,0.00974523006593131
723,0.14230350962800742,0.020000000000010232,0.030266048072974172
724,0.21899131338453515,0.05999999999998806,0.01834615682972185
725,0.1723202943134936,0.04000000000000625,0.1920163633710814
726,0.1685795220476365,0.060000000000002274,0.11595883077390567
727,0.11521445619568738,0.10000000000000853,0.12835658038349607
728,0.6787671180155996,0.8200000000000074,0.04931918319493889
729,0.24478129590117703,0.3400000000000034,0.008825703546847308
730,0.34679654644611446,0.5599999999999881,0.523700766054688
731,0.25278374142962434,0.46000000000000796,0.10917711821095111
732,0.08123833854924101,0.1599999999999966,0.009137122655573648
733,0.008629353266471185,0.29999999999999716,0.022046579622923446
734,0.13230340784390648,0.28000000000000114,0.12504890104958122
735,0.2945010138942479,0.4000000000000057,1.33053037384866
736,0.0686171663868862,0.0799999999999983,0.04884068778315509
737,0.43005052404498656,0.5,0.05613393561102953
738,0.08746401715497143,0.12000000000000455,0.056844683178439936
739,0.08882414790080873,0.01999999999999602,0.12161983816099564
740,0.5418340634261227,0.480000000000004,0.007933325421561221
741,0.2868230132083198,0.37999999999999545,0.13745109034952918
742,0.18655958297499353,0.1599999999999966,0.05643622854496755
743,0.019599961283532252,0.01999999999999602,0.3087920900825907
744,0.24264760741544933,0.01999999999999602,0.15888191608900115
745,0.015735420824910307,0.23999999999999488,0.17338835863927216
746,0.013529385160495622,0.7800000000000011,0.013504663692614827
747,0.05780540957123037,0.3399999999999892,0.05769978506867801
748,0.1384512016257986,0.3400000000000034,0.13819821770255203
749,0.04918408212479619,0.8599999999999994,0.04909421087837984
750,0.04927952314768902,0.14000000000000057,0.04918947750738312
751,0.03386638255044261,0.01999999999999602,0.03380450045609962
752,0.0,0.03999999999999204,0.0
753,0.0,0.5799999999999983,0.0
754,0.0,0.29999999999999716,0.0
755,0.0,0.480000000000004,0.0
756,0.0,0.0799999999999983,0.0
757,0.0,0.09999999999999432,0.0
758,0.0,0.09999999999999432,0.0
759,0.0,0.14000000000000057,0.0
760,0.0,0.060000000000002274,0.0
761,0.0,0.28000000000000114,0.0
762,0.0,0.20000000000000284,0.0
763,0.0,0.14000000000000057,0.0
764,0.0,0.28000000000000114,0.0
765,0.012298880487264796,0.18000000000000682,0.012276407449817839
766,0.10614958140261876,0.29999999999999716,0.10595562037347861
767,0.10281307056970945,0.03999999999999204,0.10262520615505366
768,0.0497011202300115,0.03999999999999204,0.049610304229602775
769,0.03715144205675358,0.11999999999999034,0.03708355736195301
770,0.05079950844265113,0.3999999999999915,0.05070668542056467
771,0.0485063346300052,0.0,0.04841770179264415
772,0.012801005652690378,0.0,0.01277761511080655
773,0.15803179067748374,0.0,0.15774302826928022
774,0.006944110149305516,0.28000000000000114,0.006931421575941954
775,0.09463450305136689,0.519999999999996,0.09446158286306172
776,0.0921611122174113,0.7000000000000028,0.091992711514024
777,0.044208356847448727,0.10000000000000853,0.044127577457857114
778,1.0361118493308794,0.9299999999999997,0.010645280860956063
779,2.213685203141914,0.21000000000000085,0.017159820974072204
780,4.897133169301519,1.5900000000000034,0.27770299964724643
781,2.6842387367599585,0.00999999999999801,0.15756965723289795
782,2.1718043712638107,2.3800000000000026,0.06349060535065121
783,0.07868584110062216,2.240000000000002,0.356227080632749
784,0.9551651228184639,1.3399999999999963,0.14525398051421234
785,0.9804209503974164,0.7900000000000063,0.07048866097683515
786,0.7023547436795425,1.2800000000000011,0.3704678347392303
787,1.114483092193936,0.01999999999999602,0.21375920353189315
788,1.1970789669304551,2.3400000000000034,0.39522190833044135
789,2.4921209861769142,1.0,0.19933969792116102
790,1.676341664152062,2.25,0.2582677968011211
791,0.05742661534350191,3.5,0.07767918034458887
792,0.7903339500382955,0.3999999999999986,0.06880808097527336
793,0.7584767520954756,1.3599999999999994,0.2376932903233353
794,1.0750530598008012,1.3699999999999974,0.5964465951189055
795,3.0125070667418044,0.2700000000000031,0.39611158916372347
796,0.271221833890678,0.35999999999999943,0.2783769462507024
797,0.06688848905067601,0.0799999999999983,0.10049995479865004
798,0.011671636963782817,0.030000000000001137,0.017536634538103613
799,0.002218595415008906,0.21000000000000085,0.0033334396110689113
800,0.016486109879160438,0.6200000000000045,0.024770380093443123
801,0.8371493321992389,9.439999999999998,0.009944415892846337
802,0.03812088314614215,1.5200000000000031,0.05194010520298775
803,0.25156850758767746,2.8399999999999963,0.28908137720137006
804,0.5087666103819615,1.7000000000000028,0.0038306225013542416
805,0.5157245433141284,5.0,0.42544556643670717
806,0.2047085017156718,0.9799999999999969,0.1135484684394612
807,1.0890073173439845,0.12000000000000455,0.16489577066809602
808,0.5944485325219802,0.6400000000000006,0.12575141874967244
809,0.22370976364641137,0.6199999999999974,0.09422309327418077
810,0.06284532311538271,0.259999999999998,0.1532067215554065
811,1.253278163628437,0.4200000000000017,0.3149200051522314
812,0.2645651614771296,0.4200000000000017,0.2249996293023031
813,0.09772756430646012,0.240000000000002,0.0756266395866021
814,0.4174984634284087,0.6599999999999966,0.18570068178979682
815,0.10556636472340841,0.7199999999999989,0.08093353220523625
816,0.35090008238976367,1.0,0.04506540431255246
817,1.3425321783685362,1.2199999999999989,0.07137064141419103
818,0.09665912420778966,0.01999999999999602,0.07076594293967275
819,0.49351806500749973,0.7600000000000051,0.03134403112069606
820,0.15818867852227925,0.9400000000000048,0.03192041012106017
821,0.33210585065331344,0.4000000000000057,0.03998995200359445
822,1.1523563495087004,0.17999999999999972,0.09909358122898482
823,0.004907125195565243,0.09999999999999432,0.14487872768687282
824,0.6570259453338068,0.060000000000002274,0.09987356108011625
825,0.2419527563993924,0.0799999999999983,0.11261043745263066
826,0.3917905394735044,0.03999999999999915,0.1280559723803094
827,0.17371673179496838,0.10000000000000142,0.001109569909175434
828,0.40716290292085233,1.9000000000000057,0.038642783936197134
829,0.12562850774879308,0.23999999999999488,0.11474373818492722
830,0.014478966159217066,0.6999999999999957,0.05443390662270531
831,0.18068389515391203,2.1600000000000037,0.03901225728166935
